20010000
2002ABCD
30440001
AC240000
20210004
00021042
30440001
AC240000
20210004
00021042
30440001
AC240000
20210004
00021042
30440001
AC240000
20210004
00021042
30440001
AC240000
20210004
00021042
30440001
AC240000
20210004
00021042
30440001
AC240000
20210004
00021042
30440001
AC240000
20210004
00021042
30440001
AC240000
20210004
00021042
30440001
AC240000
20210004
00021042
30440001
AC240000
20210004
00021042
30440001
AC240000
20210004
00021042
30440001
AC240000
20210004
00021042
30440001
AC240000
20210004
00021042
30440001
AC240000
20210004
00021042
30440001
AC240000
20210004
00021042